310	410	56994	787655	-122.291068333333	37.840315	132	1249528508
310	410	56994	787655	-122.291458333333	37.8399183333333	276	1249529431
310	410	56994	787655	-122.291305	37.8401333333333	366	1249530349
310	410	56994	787655	-122.291283333333	37.840175	246	1249531291
310	410	56994	787655	-122.291221666667	37.84025	282	1249532208
310	410	56994	787655	-122.291046666667	37.8404016666667	360	1249533127
310	410	56994	787655	-122.291115	37.8402716666667	540	1249534045
310	410	56994	787655	-122.291435	37.84025	948	1249534964
310	410	56994	787655	-122.291198333333	37.8402716666667	168	1249535909
310	410	56994	787655	-122.291411666667	37.8401333333333	144	1249538676
310	410	56994	787655	-122.291138333333	37.8410666666667	138	1249539590
310	410	56994	787655	-122.291755	37.84025	516	1249540507
310	410	56994	787655	-122.291588333333	37.8401866666667	384	1249541425
310	410	56994	787655	-122.29219	37.8400033333333	258	1249542342
310	410	56994	787655	-122.291541666667	37.8401433333333	186	1249543261
310	410	56994	787655	-122.29161	37.8401216666667	162	1249544239
310	410	56994	787655	-122.290703333333	37.8401866666667	204	1249546105
310	410	56994	787655	-122.292228333333	37.84054	150	1249547023
310	410	56994	787655	-122.291375	37.8405516666667	276	1249548865
310	410	56994	787655	-122.291068333333	37.8403583333333	294	1249549783
310	410	56994	787655	-122.290016666667	37.841045	1416	1249550729
310	410	56994	787655	-122.29094	37.84024	606	1249551643
310	410	56994	787655	-122.290923333333	37.83994	468	1249552561
310	410	56994	787655	-122.291518333333	37.8400033333333	144	1249553474
310	410	56994	787655	-122.290901666667	37.8405083333333	162	1249554389
310	410	56994	787655	-122.291305	37.8404116666667	150	1249555305
310	410	56994	787655	-122.291733333333	37.8400466666667	828	1249556227
310	410	56994	787655	-122.291846666667	37.8400466666667	840	1249557144
310	410	56994	787655	-122.291245	37.8402616666667	876	1249558057
310	410	56994	787655	-122.289955	37.8402616666667	924	1249558974
310	410	56994	787655	-122.292358333333	37.840175	1002	1249559892
310	410	56994	787655	-122.290855	37.840325	600	1249560811
310	410	56994	787655	-122.292015	37.8403366666667	1098	1249561728
310	410	56994	787655	-122.291411666667	37.8407016666667	384	1249562642
310	410	56994	787655	-122.291328333333	37.8404966666667	546	1249563559
310	410	56994	787655	-122.290985	37.8402616666667	384	1249564477
310	410	56994	787655	-122.290816666667	37.8404216666667	318	1249565395
310	410	56994	787655	-122.291695	37.8411633333333	132	1249566308
310	410	56994	787655	-122.291435	37.8405083333333	132	1249567226
310	410	56994	787655	-122.292701666667	37.8410666666667	186	1249568139
310	410	56994	787655	-122.292076666667	37.8407766666667	312	1249569127
310	410	56994	787655	-122.292228333333	37.8401116666667	240	1249570044
310	410	56994	787655	-122.291801666667	37.8397566666667	222	1249570961
310	410	56994	787655	-122.291825	37.8398	222	1249571879
310	410	56994	787655	-122.292076666667	37.8399183333333	228	1249572811
310	410	56994	787655	-122.291008333333	37.8398316666667	324	1249573764
310	410	56994	787655	-122.291931666667	37.8402716666667	198	1249574682
310	410	56994	787655	-122.291518333333	37.8405516666667	174	1249575599
310	410	56994	787655	-122.291953333333	37.84054	192	1249576511
310	410	56994	787655	-122.294678333333	37.8406683333333	750	1249577423
310	410	56994	787655	-122.293731666667	37.840905	750	1249578336
310	410	56994	787655	-122.292548333333	37.840755	840	1249579254
310	410	56994	787655	-122.292313333333	37.8409483333333	1188	1249580173
310	410	56994	787655	-122.294013333333	37.84334	1194	1249581131
310	410	56994	787655	-122.289078333333	37.8366033333333	1452	1249582050
310	410	56994	787655	-122.291565	37.8403466666667	408	1249582968
310	410	56994	787655	-122.291375	37.84068	1266	1249583885
310	410	56994	787655	-122.291458333333	37.840325	120	1249585829
310	410	56994	787655	-122.291991666667	37.8401433333333	1404	1249586786
310	410	56994	787655	-122.291648333333	37.840305	156	1249587713
310	410	56994	787655	-122.290748333333	37.8402183333333	240	1249588632
310	410	56994	787655	-122.291245	37.8402833333333	192	1249589550
310	410	56994	787655	-122.291046666667	37.840455	132	1249590468
310	410	56994	787655	-122.291503333333	37.8402083333333	102	1249591465
310	410	56994	787655	-122.291221666667	37.84039	204	1249592382
310	410	56994	787655	-122.29139	37.84054	156	1249593344
310	410	56994	787655	-122.291115	37.8400366666667	138	1249594261
310	410	56994	787655	-122.291671666667	37.8398533333333	198	1249595561
310	410	56994	787655	-122.289138333333	37.8414516666667	1446	1249596805
310	410	56994	787655	-122.291328333333	37.8404333333333	264	1249597790
310	410	56994	787655	-122.291115	37.8404966666667	204	1249599108
310	410	56994	787655	-122.290001666667	37.84025	924	1249600288
310	410	56994	787655	-122.290085	37.84023	804	1249601220
310	410	56994	787655	-122.291931666667	37.8405733333333	726	1249602143
310	410	56994	787655	-122.291861666667	37.8404216666667	672	1249603068
310	410	56994	787655	-122.291541666667	37.8402933333333	648	1249603987
310	410	56994	787655	-122.291908333333	37.8405083333333	636	1249604905
310	410	56994	787655	-122.291481666667	37.8403683333333	636	1249605851
310	410	56994	787655	-122.292656666667	37.839735	1128	1249606763
310	410	56994	787655	-122.290771666667	37.8404766666667	372	1249607735
310	410	56994	787655	-122.290771666667	37.84039	240	1249608647
310	410	56994	787655	-122.290108333333	37.840325	378	1249609595
310	410	56994	787655	-122.29049	37.8405616666667	168	1249610510
310	410	56994	787655	-122.290688333333	37.840315	294	1249611426
310	410	56994	787655	-122.292746666667	37.838845	258	1249612340
310	410	56994	787655	-122.290816666667	37.8403466666667	246	1249613270
310	410	56994	787655	-122.290961666667	37.840305	228	1249614186
310	410	56994	787655	-122.290771666667	37.8402833333333	222	1249615106
310	410	56994	787655	-122.293326666667	37.840465	762	1249616028
310	410	56994	787655	-122.292855	37.8404966666667	762	1249616934
